list-dns-servers -- MAX TimeDifference-with-Prev-TimeStamp: 0:00:29.713769

list-dns-servers log-entry timestamp range 0:00:31.059876
Incidents of TimeDifference >= 0:00:30


HumanReadable-LogEntry-TimeStamp  ||  TimeDifference-with-Prev-TimeStamp
2023-10-20 01:42:36.326232+00:00        ||  0
2023-10-20 01:42:36.330343+00:00        ||  0:00:00.004111
2023-10-20 01:42:36.332913+00:00        ||  0:00:00.002570
2023-10-20 01:42:36.337074+00:00        ||  0:00:00.004161
2023-10-20 01:42:36.339150+00:00        ||  0:00:00.002076
2023-10-20 01:42:36.340186+00:00        ||  0:00:00.001036
2023-10-20 01:42:36.343806+00:00        ||  0:00:00.003620
2023-10-20 01:42:36.345884+00:00        ||  0:00:00.002078
2023-10-20 01:42:36.349000+00:00        ||  0:00:00.003116
2023-10-20 01:42:36.352551+00:00        ||  0:00:00.003551
2023-10-20 01:42:36.355648+00:00        ||  0:00:00.003097
2023-10-20 01:42:36.358732+00:00        ||  0:00:00.003084
2023-10-20 01:42:36.358732+00:00        ||  0:00:00
2023-10-20 01:42:36.359770+00:00        ||  0:00:00.001038
2023-10-20 01:42:36.367304+00:00        ||  0:00:00.007534
2023-10-20 01:42:36.373954+00:00        ||  0:00:00.006650
2023-10-20 01:42:36.376953+00:00        ||  0:00:00.002999
2023-10-20 01:42:36.381069+00:00        ||  0:00:00.004116
2023-10-20 01:42:36.384115+00:00        ||  0:00:00.003046
2023-10-20 01:42:36.387724+00:00        ||  0:00:00.003609
2023-10-20 01:42:36.390799+00:00        ||  0:00:00.003075
2023-10-20 01:42:36.396716+00:00        ||  0:00:00.005917
2023-10-20 01:42:36.406473+00:00        ||  0:00:00.009757
2023-10-20 01:42:36.413129+00:00        ||  0:00:00.006656
2023-10-20 01:42:36.417265+00:00        ||  0:00:00.004136
2023-10-20 01:42:36.423978+00:00        ||  0:00:00.006713
2023-10-20 01:42:36.429008+00:00        ||  0:00:00.005030
2023-10-20 01:42:36.437810+00:00        ||  0:00:00.008802
2023-10-20 01:42:36.443461+00:00        ||  0:00:00.005651
2023-10-20 01:42:36.454343+00:00        ||  0:00:00.010882
2023-10-20 01:42:36.459061+00:00        ||  0:00:00.004718
2023-10-20 01:42:36.464118+00:00        ||  0:00:00.005057
2023-10-20 01:42:36.472869+00:00        ||  0:00:00.008751
2023-10-20 01:42:36.479586+00:00        ||  0:00:00.006717
2023-10-20 01:42:36.573557+00:00        ||  0:00:00.093971
2023-10-20 01:42:36.574559+00:00        ||  0:00:00.001002
2023-10-20 01:42:36.578190+00:00        ||  0:00:00.003631
2023-10-20 01:42:36.590025+00:00        ||  0:00:00.011835
2023-10-20 01:42:36.593666+00:00        ||  0:00:00.003641
2023-10-20 01:42:36.600856+00:00        ||  0:00:00.007190
2023-10-20 01:42:36.604455+00:00        ||  0:00:00.003599
2023-10-20 01:42:36.607390+00:00        ||  0:00:00.002935
2023-10-20 01:42:36.611486+00:00        ||  0:00:00.004096
2023-10-20 01:42:36.619259+00:00        ||  0:00:00.007773
2023-10-20 01:42:36.622317+00:00        ||  0:00:00.003058
2023-10-20 01:42:36.624350+00:00        ||  0:00:00.002033
2023-10-20 01:42:36.626976+00:00        ||  0:00:00.002626
2023-10-20 01:42:36.628020+00:00        ||  0:00:00.001044
2023-10-20 01:42:36.630103+00:00        ||  0:00:00.002083
2023-10-20 01:42:36.633739+00:00        ||  0:00:00.003636
2023-10-20 01:42:36.635806+00:00        ||  0:00:00.002067
2023-10-20 01:42:36.637596+00:00        ||  0:00:00.001790
2023-10-20 01:42:36.640692+00:00        ||  0:00:00.003096
2023-10-20 01:42:36.644848+00:00        ||  0:00:00.004156
2023-10-20 01:42:36.647392+00:00        ||  0:00:00.002544
2023-10-20 01:42:36.651530+00:00        ||  0:00:00.004138
2023-10-20 01:42:36.658268+00:00        ||  0:00:00.006738
2023-10-20 01:42:36.661338+00:00        ||  0:00:00.003070
2023-10-20 01:42:36.664982+00:00        ||  0:00:00.003644
2023-10-20 01:42:36.672183+00:00        ||  0:00:00.007201
2023-10-20 01:42:36.676850+00:00        ||  0:00:00.004667
2023-10-20 01:42:36.678936+00:00        ||  0:00:00.002086
2023-10-20 01:42:36.682568+00:00        ||  0:00:00.003632
2023-10-20 01:42:36.682568+00:00        ||  0:00:00
2023-10-20 01:42:36.683588+00:00        ||  0:00:00.001020
2023-10-20 01:42:36.689814+00:00        ||  0:00:00.006226
2023-10-20 01:42:36.692420+00:00        ||  0:00:00.002606
2023-10-20 01:42:36.699311+00:00        ||  0:00:00.006891
2023-10-20 01:42:36.703397+00:00        ||  0:00:00.004086
2023-10-20 01:42:36.718900+00:00        ||  0:00:00.015503
2023-10-20 01:42:36.726700+00:00        ||  0:00:00.007800
2023-10-20 01:42:36.732654+00:00        ||  0:00:00.005954
2023-10-20 01:42:36.744415+00:00        ||  0:00:00.011761
2023-10-20 01:42:36.749005+00:00        ||  0:00:00.004590
2023-10-20 01:42:36.755230+00:00        ||  0:00:00.006225
2023-10-20 01:42:36.761814+00:00        ||  0:00:00.006584
2023-10-20 01:42:36.768553+00:00        ||  0:00:00.006739
2023-10-20 01:42:36.773711+00:00        ||  0:00:00.005158
2023-10-20 01:42:36.777389+00:00        ||  0:00:00.003678
2023-10-20 01:42:36.781477+00:00        ||  0:00:00.004088
2023-10-20 01:42:36.790270+00:00        ||  0:00:00.008793
2023-10-20 01:42:36.796945+00:00        ||  0:00:00.006675
2023-10-20 01:42:36.799981+00:00        ||  0:00:00.003036
2023-10-20 01:42:36.802070+00:00        ||  0:00:00.002089
2023-10-20 01:42:36.805671+00:00        ||  0:00:00.003601
2023-10-20 01:42:36.809788+00:00        ||  0:00:00.004117
2023-10-20 01:42:36.811830+00:00        ||  0:00:00.002042
2023-10-20 01:42:36.812872+00:00        ||  0:00:00.001042
2023-10-20 01:42:36.816472+00:00        ||  0:00:00.003600
2023-10-20 01:42:36.819436+00:00        ||  0:00:00.002964
2023-10-20 01:42:36.821511+00:00        ||  0:00:00.002075
2023-10-20 01:42:36.823563+00:00        ||  0:00:00.002052
2023-10-20 01:42:36.826185+00:00        ||  0:00:00.002622
2023-10-20 01:42:36.831327+00:00        ||  0:00:00.005142
2023-10-20 01:42:36.836980+00:00        ||  0:00:00.005653
2023-10-20 01:42:36.842162+00:00        ||  0:00:00.005182
2023-10-20 01:42:36.845923+00:00        ||  0:00:00.003761
2023-10-20 01:42:36.850498+00:00        ||  0:00:00.004575
2023-10-20 01:42:36.856697+00:00        ||  0:00:00.006199
2023-10-20 01:42:36.856697+00:00        ||  0:00:00
2023-10-20 01:42:36.861395+00:00        ||  0:00:00.004698
2023-10-20 01:42:36.864480+00:00        ||  0:00:00.003085
2023-10-20 01:42:36.868123+00:00        ||  0:00:00.003643
2023-10-20 01:42:36.870203+00:00        ||  0:00:00.002080
2023-10-20 01:42:36.872281+00:00        ||  0:00:00.002078
2023-10-20 01:42:36.874332+00:00        ||  0:00:00.002051
2023-10-20 01:42:36.874332+00:00        ||  0:00:00
2023-10-20 01:42:36.877934+00:00        ||  0:00:00.003602
2023-10-20 01:42:36.877934+00:00        ||  0:00:00
2023-10-20 01:42:36.888797+00:00        ||  0:00:00.010863
2023-10-20 01:42:36.891902+00:00        ||  0:00:00.003105
2023-10-20 01:42:36.894504+00:00        ||  0:00:00.002602
2023-10-20 01:42:36.897622+00:00        ||  0:00:00.003118
2023-10-20 01:42:36.899682+00:00        ||  0:00:00.002060
2023-10-20 01:42:36.903481+00:00        ||  0:00:00.003799
2023-10-20 01:42:36.909157+00:00        ||  0:00:00.005676
2023-10-20 01:42:36.915317+00:00        ||  0:00:00.006160
2023-10-20 01:42:36.924169+00:00        ||  0:00:00.008852
2023-10-20 01:42:36.924711+00:00        ||  0:00:00.000542
2023-10-20 01:42:36.927801+00:00        ||  0:00:00.003090
2023-10-20 01:42:36.929868+00:00        ||  0:00:00.002067
2023-10-20 01:42:36.933506+00:00        ||  0:00:00.003638
2023-10-20 01:42:36.936525+00:00        ||  0:00:00.003019
2023-10-20 01:42:36.951197+00:00        ||  0:00:00.014672
2023-10-20 01:42:36.957940+00:00        ||  0:00:00.006743
2023-10-20 01:42:36.962070+00:00        ||  0:00:00.004130
2023-10-20 01:42:36.965693+00:00        ||  0:00:00.003623
2023-10-20 01:42:36.971793+00:00        ||  0:00:00.006100
2023-10-20 01:42:36.977522+00:00        ||  0:00:00.005729
2023-10-20 01:42:36.980597+00:00        ||  0:00:00.003075
2023-10-20 01:42:36.982724+00:00        ||  0:00:00.002127
2023-10-20 01:42:36.984294+00:00        ||  0:00:00.001570
2023-10-20 01:42:36.986324+00:00        ||  0:00:00.002030
2023-10-20 01:42:36.988408+00:00        ||  0:00:00.002084
2023-10-20 01:42:36.990485+00:00        ||  0:00:00.002077
2023-10-20 01:42:36.994084+00:00        ||  0:00:00.003599
2023-10-20 01:42:36.997194+00:00        ||  0:00:00.003110
2023-10-20 01:42:37.000275+00:00        ||  0:00:00.003081
2023-10-20 01:42:37.003911+00:00        ||  0:00:00.003636
2023-10-20 01:42:37.005955+00:00        ||  0:00:00.002044
2023-10-20 01:42:37.009062+00:00        ||  0:00:00.003107
2023-10-20 01:42:37.011667+00:00        ||  0:00:00.002605
2023-10-20 01:42:37.014742+00:00        ||  0:00:00.003075
2023-10-20 01:42:37.016820+00:00        ||  0:00:00.002078
2023-10-20 01:42:37.017854+00:00        ||  0:00:00.001034
2023-10-20 01:42:37.019444+00:00        ||  0:00:00.001590
2023-10-20 01:42:37.020474+00:00        ||  0:00:00.001030
2023-10-20 01:42:37.022513+00:00        ||  0:00:00.002039
2023-10-20 01:42:37.023566+00:00        ||  0:00:00.001053
2023-10-20 01:42:37.024600+00:00        ||  0:00:00.001034
2023-10-20 01:42:37.028238+00:00        ||  0:00:00.003638
2023-10-20 01:42:37.028238+00:00        ||  0:00:00
2023-10-20 01:42:37.031366+00:00        ||  0:00:00.003128
2023-10-20 01:42:37.032415+00:00        ||  0:00:00.001049
2023-10-20 01:42:37.036046+00:00        ||  0:00:00.003631
2023-10-20 01:42:37.038110+00:00        ||  0:00:00.002064
2023-10-20 01:42:37.041222+00:00        ||  0:00:00.003112
2023-10-20 01:42:37.042269+00:00        ||  0:00:00.001047
2023-10-20 01:42:37.044866+00:00        ||  0:00:00.002597
2023-10-20 01:42:37.047970+00:00        ||  0:00:00.003104
2023-10-20 01:42:37.051085+00:00        ||  0:00:00.003115
2023-10-20 01:42:37.054684+00:00        ||  0:00:00.003599
2023-10-20 01:42:37.056739+00:00        ||  0:00:00.002055
2023-10-20 01:42:37.059636+00:00        ||  0:00:00.002897
2023-10-20 01:42:37.060669+00:00        ||  0:00:00.001033
2023-10-20 01:42:37.062691+00:00        ||  0:00:00.002022
2023-10-20 01:42:37.063732+00:00        ||  0:00:00.001041
2023-10-20 01:42:37.065776+00:00        ||  0:00:00.002044
2023-10-20 01:42:37.066381+00:00        ||  0:00:00.000605
2023-10-20 01:42:37.068460+00:00        ||  0:00:00.002079
2023-10-20 01:42:37.069492+00:00        ||  0:00:00.001032
2023-10-20 01:42:37.071504+00:00        ||  0:00:00.002012
2023-10-20 01:42:37.073586+00:00        ||  0:00:00.002082
2023-10-20 01:42:37.074135+00:00        ||  0:00:00.000549
2023-10-20 01:42:37.076165+00:00        ||  0:00:00.002030
2023-10-20 01:42:37.077221+00:00        ||  0:00:00.001056
2023-10-20 01:42:37.079255+00:00        ||  0:00:00.002034
2023-10-20 01:42:37.082888+00:00        ||  0:00:00.003633
2023-10-20 01:42:37.085961+00:00        ||  0:00:00.003073
2023-10-20 01:42:37.089045+00:00        ||  0:00:00.003084
2023-10-20 01:42:37.091128+00:00        ||  0:00:00.002083
2023-10-20 01:42:37.092709+00:00        ||  0:00:00.001581
2023-10-20 01:42:37.094761+00:00        ||  0:00:00.002052
2023-10-20 01:42:37.096838+00:00        ||  0:00:00.002077
2023-10-20 01:42:37.100465+00:00        ||  0:00:00.003627
2023-10-20 01:42:37.102497+00:00        ||  0:00:00.002032
2023-10-20 01:42:37.104547+00:00        ||  0:00:00.002050
2023-10-20 01:42:37.106616+00:00        ||  0:00:00.002069
2023-10-20 01:42:37.109710+00:00        ||  0:00:00.003094
2023-10-20 01:42:37.115353+00:00        ||  0:00:00.005643
2023-10-20 01:42:37.122008+00:00        ||  0:00:00.006655
2023-10-20 01:42:37.126155+00:00        ||  0:00:00.004147
2023-10-20 01:42:37.128777+00:00        ||  0:00:00.002622
2023-10-20 01:42:37.132899+00:00        ||  0:00:00.004122
2023-10-20 01:42:37.136021+00:00        ||  0:00:00.003122
2023-10-20 01:42:37.137049+00:00        ||  0:00:00.001028
2023-10-20 01:42:37.140619+00:00        ||  0:00:00.003570
2023-10-20 01:42:37.140619+00:00        ||  0:00:00
2023-10-20 01:42:37.143735+00:00        ||  0:00:00.003116
2023-10-20 01:42:37.146320+00:00        ||  0:00:00.002585
2023-10-20 01:42:37.147854+00:00        ||  0:00:00.001534
2023-10-20 01:42:37.150421+00:00        ||  0:00:00.002567
2023-10-20 01:42:37.150421+00:00        ||  0:00:00
2023-10-20 01:42:37.153526+00:00        ||  0:00:00.003105
2023-10-20 01:42:37.153526+00:00        ||  0:00:00
2023-10-20 01:42:37.158202+00:00        ||  0:00:00.004676
2023-10-20 01:42:37.161314+00:00        ||  0:00:00.003112
2023-10-20 01:42:37.162336+00:00        ||  0:00:00.001022
2023-10-20 01:42:37.164356+00:00        ||  0:00:00.002020
2023-10-20 01:42:37.166039+00:00        ||  0:00:00.001683
2023-10-20 01:42:37.167050+00:00        ||  0:00:00.001011
2023-10-20 01:42:37.168097+00:00        ||  0:00:00.001047
2023-10-20 01:42:37.170162+00:00        ||  0:00:00.002065
2023-10-20 01:42:37.172765+00:00        ||  0:00:00.002603
2023-10-20 01:42:37.174836+00:00        ||  0:00:00.002071
2023-10-20 01:42:37.177907+00:00        ||  0:00:00.003071
2023-10-20 01:42:37.180995+00:00        ||  0:00:00.003088
2023-10-20 01:42:37.183594+00:00        ||  0:00:00.002599
2023-10-20 01:42:37.187748+00:00        ||  0:00:00.004154
2023-10-20 01:42:37.190342+00:00        ||  0:00:00.002594
2023-10-20 01:42:37.191373+00:00        ||  0:00:00.001031
2023-10-20 01:42:37.193448+00:00        ||  0:00:00.002075
2023-10-20 01:42:37.194449+00:00        ||  0:00:00.001001
2023-10-20 01:42:37.196554+00:00        ||  0:00:00.002105
2023-10-20 01:42:37.199102+00:00        ||  0:00:00.002548
2023-10-20 01:42:37.202208+00:00        ||  0:00:00.003106
2023-10-20 01:42:37.205309+00:00        ||  0:00:00.003101
2023-10-20 01:42:37.207843+00:00        ||  0:00:00.002534
2023-10-20 01:42:37.209910+00:00        ||  0:00:00.002067
2023-10-20 01:42:37.213010+00:00        ||  0:00:00.003100
2023-10-20 01:42:37.215053+00:00        ||  0:00:00.002043
2023-10-20 01:42:37.218104+00:00        ||  0:00:00.003051
2023-10-20 01:42:37.220700+00:00        ||  0:00:00.002596
2023-10-20 01:42:37.230490+00:00        ||  0:00:00.009790
2023-10-20 01:42:37.232537+00:00        ||  0:00:00.002047
2023-10-20 01:42:37.236638+00:00        ||  0:00:00.004101
2023-10-20 01:42:37.240291+00:00        ||  0:00:00.003653
2023-10-20 01:42:37.243381+00:00        ||  0:00:00.003090
2023-10-20 01:42:37.246003+00:00        ||  0:00:00.002622
2023-10-20 01:42:37.248054+00:00        ||  0:00:00.002051
2023-10-20 01:42:37.251151+00:00        ||  0:00:00.003097
2023-10-20 01:42:37.252193+00:00        ||  0:00:00.001042
2023-10-20 01:42:37.255818+00:00        ||  0:00:00.003625
2023-10-20 01:42:37.258908+00:00        ||  0:00:00.003090
2023-10-20 01:42:37.266596+00:00        ||  0:00:00.007688
2023-10-20 01:42:37.277621+00:00        ||  0:00:00.011025
2023-10-20 01:42:37.282271+00:00        ||  0:00:00.004650
2023-10-20 01:42:37.363466+00:00        ||  0:00:00.081195
2023-10-20 01:42:37.367105+00:00        ||  0:00:00.003639
2023-10-20 01:42:37.370208+00:00        ||  0:00:00.003103
2023-10-20 01:42:37.374876+00:00        ||  0:00:00.004668
2023-10-20 01:42:37.377986+00:00        ||  0:00:00.003110
2023-10-20 01:42:37.378997+00:00        ||  0:00:00.001011
2023-10-20 01:42:37.384730+00:00        ||  0:00:00.005733
2023-10-20 01:42:37.388636+00:00        ||  0:00:00.003906
2023-10-20 01:42:37.390657+00:00        ||  0:00:00.002021
2023-10-20 01:42:37.394785+00:00        ||  0:00:00.004128
2023-10-20 01:42:37.398366+00:00        ||  0:00:00.003581
2023-10-20 01:42:37.400420+00:00        ||  0:00:00.002054
2023-10-20 01:42:37.403510+00:00        ||  0:00:00.003090
2023-10-20 01:42:37.405590+00:00        ||  0:00:00.002080
2023-10-20 01:42:37.408143+00:00        ||  0:00:00.002553
2023-10-20 01:42:37.412228+00:00        ||  0:00:00.004085
2023-10-20 01:42:37.421002+00:00        ||  0:00:00.008774
2023-10-20 01:42:37.425135+00:00        ||  0:00:00.004133
2023-10-20 01:42:37.427737+00:00        ||  0:00:00.002602
2023-10-20 01:42:37.431874+00:00        ||  0:00:00.004137
2023-10-20 01:42:37.434463+00:00        ||  0:00:00.002589
2023-10-20 01:42:37.437691+00:00        ||  0:00:00.003228
2023-10-20 01:42:37.440305+00:00        ||  0:00:00.002614
2023-10-20 01:42:37.449339+00:00        ||  0:00:00.009034
2023-10-20 01:42:37.454008+00:00        ||  0:00:00.004669
2023-10-20 01:42:37.456082+00:00        ||  0:00:00.002074
2023-10-20 01:42:37.461276+00:00        ||  0:00:00.005194
2023-10-20 01:42:37.465967+00:00        ||  0:00:00.004691
2023-10-20 01:42:37.468035+00:00        ||  0:00:00.002068
2023-10-20 01:42:37.470538+00:00        ||  0:00:00.002503
2023-10-20 01:42:37.472624+00:00        ||  0:00:00.002086
2023-10-20 01:42:37.476753+00:00        ||  0:00:00.004129
2023-10-20 01:42:37.481289+00:00        ||  0:00:00.004536
2023-10-20 01:42:37.486384+00:00        ||  0:00:00.005095
2023-10-20 01:42:37.490544+00:00        ||  0:00:00.004160
2023-10-20 01:42:37.495211+00:00        ||  0:00:00.004667
2023-10-20 01:42:37.499351+00:00        ||  0:00:00.004140
2023-10-20 01:42:37.501950+00:00        ||  0:00:00.002599
2023-10-20 01:42:37.505057+00:00        ||  0:00:00.003107
2023-10-20 01:42:37.507135+00:00        ||  0:00:00.002078
2023-10-20 01:42:37.508778+00:00        ||  0:00:00.001643
2023-10-20 01:42:37.510827+00:00        ||  0:00:00.002049
2023-10-20 01:42:37.512908+00:00        ||  0:00:00.002081
2023-10-20 01:42:37.517568+00:00        ||  0:00:00.004660
2023-10-20 01:42:37.519615+00:00        ||  0:00:00.002047
2023-10-20 01:42:37.521661+00:00        ||  0:00:00.002046
2023-10-20 01:42:37.523734+00:00        ||  0:00:00.002073
2023-10-20 01:42:37.526306+00:00        ||  0:00:00.002572
2023-10-20 01:42:37.528375+00:00        ||  0:00:00.002069
2023-10-20 01:42:37.530395+00:00        ||  0:00:00.002020
2023-10-20 01:42:37.532468+00:00        ||  0:00:00.002073
2023-10-20 01:42:37.535070+00:00        ||  0:00:00.002602
2023-10-20 01:42:37.537133+00:00        ||  0:00:00.002063
2023-10-20 01:42:37.539177+00:00        ||  0:00:00.002044
2023-10-20 01:42:37.541254+00:00        ||  0:00:00.002077
2023-10-20 01:42:37.542875+00:00        ||  0:00:00.001621
2023-10-20 01:42:37.544949+00:00        ||  0:00:00.002074
2023-10-20 01:42:37.547020+00:00        ||  0:00:00.002071
2023-10-20 01:42:37.549670+00:00        ||  0:00:00.002650
2023-10-20 01:42:37.550687+00:00        ||  0:00:00.001017
2023-10-20 01:42:37.551687+00:00        ||  0:00:00.001000
2023-10-20 01:42:37.552739+00:00        ||  0:00:00.001052
2023-10-20 01:42:37.553769+00:00        ||  0:00:00.001030
2023-10-20 01:42:37.554816+00:00        ||  0:00:00.001047
2023-10-20 01:42:37.556889+00:00        ||  0:00:00.002073
2023-10-20 01:42:37.559475+00:00        ||  0:00:00.002586
2023-10-20 01:42:37.559475+00:00        ||  0:00:00
2023-10-20 01:42:37.561552+00:00        ||  0:00:00.002077
2023-10-20 01:42:37.562557+00:00        ||  0:00:00.001005
2023-10-20 01:42:37.563600+00:00        ||  0:00:00.001043
2023-10-20 01:42:37.564639+00:00        ||  0:00:00.001039
2023-10-20 01:42:37.565678+00:00        ||  0:00:00.001039
2023-10-20 01:42:37.567824+00:00        ||  0:00:00.002146
2023-10-20 01:42:37.570373+00:00        ||  0:00:00.002549
2023-10-20 01:42:37.570373+00:00        ||  0:00:00
2023-10-20 01:42:37.572419+00:00        ||  0:00:00.002046
2023-10-20 01:42:37.573454+00:00        ||  0:00:00.001035
2023-10-20 01:42:37.575500+00:00        ||  0:00:00.002046
2023-10-20 01:42:37.580197+00:00        ||  0:00:00.004697
2023-10-20 01:42:37.582248+00:00        ||  0:00:00.002051
2023-10-20 01:42:37.583827+00:00        ||  0:00:00.001579
2023-10-20 01:42:37.585880+00:00        ||  0:00:00.002053
2023-10-20 01:42:37.587945+00:00        ||  0:00:00.002065
2023-10-20 01:42:37.590018+00:00        ||  0:00:00.002073
2023-10-20 01:42:37.591057+00:00        ||  0:00:00.001039
2023-10-20 01:42:37.593684+00:00        ||  0:00:00.002627
2023-10-20 01:42:37.595737+00:00        ||  0:00:00.002053
2023-10-20 01:42:37.598121+00:00        ||  0:00:00.002384
2023-10-20 01:42:37.598630+00:00        ||  0:00:00.000509
2023-10-20 01:42:37.600707+00:00        ||  0:00:00.002077
2023-10-20 01:42:37.656361+00:00        ||  0:00:00.055654
2023-10-20 01:43:07.370130+00:00        ||  0:00:29.713769
2023-10-20 01:43:07.386108+00:00        ||  0:00:00.015978
